spawn:
  world: world
  x: 0.5393134238205289
  y: 62.0
  z: 0.5075038340862272
  yaw: -165.73857
  pitch: 90.0
